%YAML:1.0
---
extrinsicRotation: !!opencv-matrix
   rows: 3
   cols: 3
   dt: d
   data: [ 9.9577588809704010e-01, -2.6322227543501820e-02,
       -8.7963179920345663e-02, 1.5058191133690706e-02,
       9.9187207743549566e-01, -1.2634489654740833e-01,
       9.0573901121306616e-02, 1.2448663519005639e-01,
       9.8807866392040145e-01 ]
extrinsicTranslation: !!opencv-matrix
   rows: 3
   cols: 1
   dt: d
   data: [ 5.5866759904419960e-01, 5.4326362966931163e-01,
       -1.1975218668505987e-01 ]
